SubjectID	TrialNum	Amplitude	Width	StartPos	TargetPos	Time	Success
1	1	384	32	(481.0, 331.0)	(183.0, 71.0)	2016	1	
1	1	384	32	(481.0, 331.0)	(851.0, 256.0)	2553	1	
1	1	256	16	(481.0, 331.0)	(308.0, 126.0)	1233	1	
1	1	384	32	(481.0, 331.0)	(86.0, 248.0)	1380	1	
1	1	384	32	(481.0, 331.0)	(89.0, 296.0)	3477	1	
1	3	256	16	(481.0, 331.0)	(593.0, 96.0)	3790	0	
1	1	256	16	(481.0, 331.0)	(534.0, 74.0)	1643	1	
1	1	256	16	(481.0, 331.0)	(666.0, 157.0)	1009	1	
1	3	384	32	(481.0, 331.0)	(846.0, 274.0)	4197	0	
1	2	256	16	(481.0, 331.0)	(212.0, 359.0)	2601	0	
1	1	384	32	(481.0, 331.0)	(848.0, 341.0)	1592	1	
1	1	256	16	(481.0, 331.0)	(636.0, 124.0)	884	1	
